11
12
13
14
15
19
22
24
28
33
35
38
59
62
63
64
68
69
70
77
78
80
85
89
90
93
98
99
103
104
105
106
107
108
109
110
111
113
114
115
117
118
120
121
122
129
136
137
141
142
143
144
146
147
149
153
154
155
161
162
164
165
173
180
185
194
195
196
197
198
203
204
207
213
216
218
220
221
223
235
238
239
240
242
244
251
261
266
268
269
272
274
275
278
279
280
284
288
289
301
303
307
309
322
329
335
338
346
348
350
377
380
387
389
392
393
396
398
403
405
406
408
409
411
422
423
424
425
426
429
433
439
445
451
452
453
454
462
468
469
475
488
489
490
496
497
500
510
524
525
533
539
548
550
553
557
558
559
562
564
567
568
571
576
578
581
582
583
585
590
591
592
593
594
595
596
597
598
599
601
603
604
606
609
612
613
614
618
620
621
624
625
626
629
630
631
632
637
639
640
641
642
643
644
648
649
651
653
654
657
658
662
665
666
670
671
672
673
674
675
678
679
680
690
694
696
702
703
705
712
713
744
745
746
747
752
756
759
762
767
769
770
771
772
773
776
777
778
780
783
786
788
789
792
793
797
800
804
805
807
808
809
810
811
812
813
814
816
817
820
821
824
826
828
829
832
838
840
843
845
854
857
858
859
862
863
866
871
872
873
874
875
877
879
881
887
891
892
895
896
897
900
901
903
907
909
910
911
914
916
917
919
920
925
931
934
935
936
939
941
947
948
949
953
961
962
963
964
965
967
968
975
980
981
982
983
984
990
992
995
996
1018
1040
1051
1052
1091
1092
1124
1125
1164
1165
1245
1251
1255
1272
1366
1391
1396
1398
1405
1412
1417
1422
1429
1480
1541
1556
1563
1574
1578
1579
1584
1585
1626
1628
1632
1640
1643
1677
1678
1712
1715
1725
1726
1788
1859
1879
1890
1891
1892
1893
1894
1895
1900
1924
1930
1934
1939
1949
1955
1976
1999
2000
2005
2009
2011
2013
2034
2039
2059
2062
2075
2108
2118
2161
2270
2280
2292
2323
2438
2457
2493
2517
2567
2576
2604
2671
2721
2748
2756
2769
2786
2897
2898
3034
3035
3040
3059
3060
3061
3062
3063
3078
3080
3082
3083
3084
3085
3086
3087
3088
3089
3090
3109
3110
3111
3112
3114
3116
3121
3131
3133
3170
3175
3176
3291
3309
3525
3529
3598
3767
3782
3933
4024
4174
4176
4192
4203
4327
4347
4461
4464
4481
4495
4497
4512
4518
4538
4558
4566
4584
4638
4825
4922
4952
4960
4985
5038
5055
5143
5156
5165
5175
5279
5335
5336
5503
5511
5548
5559
5767
5769
5801
5919
5923
5961
6003
6619
6637
6844
6977
7326
7340
7345
7443
7450
7461
7484
7518
7857
7863
7984
8055
8073
8095
8293
8321
8356
8358
8392
8416
8469
8587
8619
8740
8741
8810
8818
8835
8885
8898
8937
8967
8974
9008
9016
9023
9062
9277
9281
9289
9297
9300
9323
9325
9326
9346
9377
9390
9398
9408
9426
9427
9428
9443
9462
9470
9475
9486
9487
9488
9495
9502
9519
9549
9550
9552
9576
9598
9615
9653
9659
9662
9665
9671
9675
9693
9800
9806
9836
9880
9928
9982
10009
10020
10098
10139
10161
10178
10191
10193
10198
10227
10236
10238
10242
10269
10310
10315
10331
10333
10337
10340
10386
10403
10404
10501
10528
10530
10555
10585
10588
10604
10633
10653
10669
10671
10674
10681
10693
10712
10715
10747
10774
10775
10784
10865
10895
10907
10910
10911
10938
10996
10997
10998
11005
11009
11010
11020
11040
11050
11051
11072
11085
11113
11121
11159
11190
11202
11209
11216
11224
11235
11240
11257
11324
11327
11386
11400
11414
11416
11426
11450
11462
11475
11499
11502
11534
11544
11549
11576
11619
11620
11621
11634
11645
11646
11673
11688
11694
11703
11778
11782
11816
11836
11850
11881
11897
11906
11970
12096
12102
12140
12153
12157
12162
12185
12230
12311
12405
12444
12445
12477
12560
12573
12589
12610
12626
12780
12877
13053
13183
13310
13342
13384
13430
13436
13475
13528
13562
13665
13671
13681
13847
13885
13936
14030
14064
14160
14320
14551
14615
14626
14633
14675
14696
14741
14811
14836
15080
15121
15159
15244
15283
15421
15484
15497
15598
15600
15764
15794
15804
15917
15919
15927
16081
16085
16285
16305
16313
16347
16442
16515
16520
16561
16563
16619
16638
16642
16664
16769
16804
16858
16869
16905
17111
17281
17295
17409
17431
17435
17578
17654
17661
17687
17801
17831
17887
17889
17917
18019
18148
18254
18329
18333
18486
18671
18712
18727
18770
18784
18785
18900
18988
19049
19075
19140
19311
19490
19542
19610
19666
19908
19931
19995
20108
20283
20325
20352
20530
20532
20640
20758
21135
21575
21734
21766
21785
22013
22387
22522
22538
22584
22596
22638
22649
22692
22794
22881
22947
23159
23160
23283
23383
23620
23954
24134
24192
24226
24428
24469
24481
24662
24684
24748
24807
24965
25016
25037
25053
25188
25237
25376
25430
25431
25508
25538
25670
25673
25793
26175
26302
26317
26516
26522
26617
26744
26963
27029
27030
27094
27191
27205
27367
27854
27899
27904
27972
27973
28093
28120
28162
28288
28569
28571
28580
28963
28966
29005
29140
29376
29478
29740
29845
29879
29912
30017
30080
30197
30298
30497
31052
31225
31409
31414
31416
31432
31507
31510
31527
31623
31657
31678
31773
31805
31918
32015
32040
32054
32093
32221
32329
32430
32488
32610
32847
33320
33665
33667
33680
34106
34148
34181
35412
36006
36092
36498
36557
36652
36657
36685
36851
37135
37247
37257
37631
37658
37686
37710
37719
37724
37799
37853
37903
37963
37973
38142
38368
38646
38731
38757
38772
38805
38810
38914
39013
39111
39210
39387
39504
39781
39904
39938
39940
40842
40885
41177
41201
41503
42044
42112
42121
42122
42222
42232
42390
42401
42458
42489
42497
42612
42635
42641
42669
42731
42750
42791
42814
42816
42852
42861
42879
43028
43047
43103
43122
43128
43130
43136
43145
43155
43232
43236
43258
43266
43277
43278
43296
43347
43388
43434
43506
43516
43595
43693
43739
43786
43802
43807
43828
43832
43838
43839
43864
43874
43879
43881
43886
43890
43893
43894
43896
43898
43899
43902
43904
43910
43949
44012
44061
44108
44115
44214
44264
44379
44479
44494
44627
44657
44754
44826
44896
45269
45317
45578
45938
46195
46207
46758
47249
47250
47921
48035
48303
48693
48993
49013
49026
49047
49051
49444
49519
49521
49948
50014
50591
50938
51044
51052
51759
51802
52105
52264
52679
52859
53779
53879
53939
54138
54186
55721
56135
56164
57158
57212
58574
59266
59436
59964
59967
60243
60308
61280
61647
61791
62000
62177
62211
62214
62215
62694
63498
63515
64004
64142
64215
64682
64685
64690
65057
65203
65229
65284
65550
65754
65787
67155
67880
68179
68440
68718
68722
68734
70368
70670
70981
71329
71859
72190
72197
72733
72976
73102
73723
73939
74643
74879
75491
76025
76203
76341
76429
76430
76492
76636
77094
77174
77621
77744
77771
78734
79120
79382
80252
80572
80616
80708
80767
80783
81188
81401
82321
82690
82693
82695
82702
83232
83389
83552
83666
84050
84084
84086
84087
84090
84099
84100
84111
84175
84298
84303
84892
85350
85444
86829
86837
87561
87827
93858
93934
94329
95866
97370
97427
97630
98065
100271
100402
102382
103328
104651
105864
106646
109048
109424
109445
110415
110416
114034
114982
118340
119450
120467
121239
121986
122081
122906
122917
123678
126319
127380
127962
128216
129670
130343
132344
136087
137106
137113
138843
140300
140607
143315
146233
149870
149871
150540
152532
152584
152601
152603
154499
156700
157336
157353
157384
166428
167073
168672
170687
171274
177572
177945
178733
178751
178929
179144
181808
181812
184219
186992
190859
191714
194662
198375
199921
203801
203833
205220
205596
206647
207703
209274
210577
210905
211024
213562
223706
224141
227973
228150
228326
228692
232374
237791
238873
240832
242224
242828
244563
244786
249239
249243
249682
250225
250312
250935
250994
251981
253450
254320
257211
258480
260513
260514
263109
263115
264644
264660
264999
265180
265189
265228
266856
267480
268531
269149
271110
273248
273895
277713
277834
280913
281957
284054
284213
284293
286217
290098
290250
291270
292625
293890
294682
295693
296098
297762
299534
299536
300668
301528
303867
308084
311054
313297
313369
314095
314365
315289
315635
315846
316029
317229
318846
322447
324786
324794
324857
329865
330457
330459
331482
332506
332562
333339
334541
334543
335797
335984
336026
336050
337674
337703
337960
338766
338967
339403
339877
340484
340676
341219
341220
346648
346914
349067
353081
354388
354912
357540
359724
359940
363117
363211
364689
368585
370896
371638
371645
372058
374475
374671
374720
375262
376386
376534
376865
376866
376867
377151
377462
377681
378064
378108
381283
381284
387592
389015
390930
391713
392795
393457
393559
396461
398818
398978
399055
399174
399404
400617
400650
404368
407936
408265
408574
411088
412120
417466
417859
419430
419704
420541
420818
422803
423240
424694
426426
428099
428449
428493
428497
429197
429617
432534
433634
434218
434775
435129
438146
440298
441384
441393
443463
444043
445746
446354
449132
449176
450465
450487
451995
455207
455714
456086
458156
458253
458342
458737
463272
465914
466272
466565
468735
470719
471506
471853
472644
473019
474350
475215
475557
480001
481432
482121
486266
486898
487558
488508
488512
490132
491473
491584
492188
493922
496243
497536
499556
500900
501590
503742
503919
504608
505192
507076
508101
508439
508965
510034
511987
513434
514754
515001
519010
520679
520951
522039
528888
530385
530915
531428
535581
539033
542807
546554
548009
549432
549559
551332
554808
555605
565310
565716
566221
566222
568160
569485
570670
586940
587488
609778
627070
628053
631385
641684